25,50,0.000000,0
26,48,0.000000,0
26,47,0.000000,0
26,51,0.000000,0
26,52,0.000000,0
26,46,0.000000,0
26,45,0.000000,0
26,44,0.000000,0
26,54,0.000000,0
25,70,0.000000,0
26,56,0.000000,0
26,43,0.000000,0
26,42,0.000000,0
26,41,0.000000,0
26,40,0.000000,0
25,69,0.000000,0
25,68,0.000000,0
25,66,0.000000,0
26,63,0.000000,0
26,64,0.000000,0
25,67,0.000000,0
25,65,0.000000,0
26,68,0.000000,0
25,47,0.000000,0
25,43,0.000000,0
25,64,0.000000,0
27,41,0.000000,0
25,57,0.000000,0
25,56,0.000000,0
25,55,0.000000,0
25,63,0.000000,0
25,62,0.000000,0
25,61,0.000000,0
25,53,0.000000,0
25,44,0.000000,0
25,52,0.000000,0
25,42,0.000000,0
27,53,0.000000,0
27,54,0.000000,0
25,48,0.000000,0
27,56,0.000000,0
25,41,0.000000,0
25,49,0.000000,0
27,62,0.000000,0
27,63,0.000000,0
25,46,0.000000,0
25,60,0.000000,0
27,66,0.000000,0
27,68,0.000000,0
27,69,0.000000,0
25,59,0.000000,0
25,45,0.000000,0
28,40,0.000000,0
25,51,0.000000,0
25,58,0.000000,0
25,40,0.000000,0
25,54,0.000000,0
28,46,0.000000,0
28,45,0.000000,0
28,44,0.000000,0
28,43,0.000000,0
28,50,0.000000,0
28,41,0.000000,0
28,52,0.000000,0
28,54,0.000000,0
28,55,0.000000,0
28,42,0.000000,0
28,56,0.000000,0
28,57,0.000000,0
27,70,0.000000,0
27,67,0.000000,0
27,65,0.000000,0
27,64,0.000000,0
27,61,0.000000,0
27,60,0.000000,0
28,65,0.000000,0
27,59,0.000000,0
27,58,0.000000,0
27,57,0.000000,0
27,55,0.000000,0
28,70,0.000000,0
27,52,0.000000,0
27,50,0.000000,0
27,51,0.000000,0
27,49,0.000000,0
27,48,0.000000,0
27,47,0.000000,0
27,46,0.000000,0
27,45,0.000000,0
29,48,0.000000,0
27,44,0.000000,0
27,43,0.000000,0
27,42,0.000000,0
27,40,0.000000,0
26,70,0.000000,0
29,55,0.000000,0
26,69,0.000000,0
26,67,0.000000,0
26,66,0.000000,0
26,65,0.000000,0
26,62,0.000000,0
26,61,0.000000,0
26,60,0.000000,0
29,66,0.000000,0
26,59,0.000000,0
26,58,0.000000,0
30,40,0.000000,0
26,57,0.000000,0
26,55,0.000000,0
26,53,0.000000,0
26,50,0.000000,0
26,49,0.000000,0
30,49,0.000000,0
30,48,0.000000,0
30,47,0.000000,0
30,46,0.000000,0
30,45,0.000000,0
30,56,0.000000,0
30,44,0.000000,0
30,43,0.000000,0
30,42,0.000000,0
30,41,0.000000,0
29,70,0.000000,0
29,69,0.000000,0
29,68,0.000000,0
29,67,0.000000,0
29,65,0.000000,0
30,69,0.000000,0
29,64,0.000000,0
29,63,0.000000,0
29,62,0.000000,0
29,61,0.000000,0
29,60,0.000000,0
29,59,0.000000,0
29,58,0.000000,0
29,57,0.000000,0
29,56,0.000000,0
29,54,0.000000,0
29,53,0.000000,0
29,52,0.000000,0
29,51,0.000000,0
31,55,0.000000,0
31,56,0.000000,0
29,50,0.000000,0
29,49,0.000000,0
31,60,0.000000,0
29,47,0.000000,0
29,46,0.000000,0
29,45,0.000000,0
29,43,0.000000,0
29,44,0.000000,0
29,42,0.000000,0
31,68,0.000000,0
29,41,0.000000,0
29,40,0.000000,0
28,69,0.000000,0
28,68,0.000000,0
28,67,0.000000,0
28,66,0.000000,0
28,64,0.000000,0
28,63,0.000000,0
28,62,0.000000,0
32,47,0.000000,0
28,61,0.000000,0
32,50,0.000000,0
28,60,0.000000,0
28,59,0.000000,0
28,58,0.000000,0
32,55,0.000000,0
28,53,0.000000,0
28,51,0.000000,0
28,49,0.000000,0
28,48,0.000000,0
28,47,0.000000,0
32,62,0.000000,0
32,61,0.000000,0
32,60,0.000000,0
32,59,0.000000,0
32,58,0.000000,0
32,57,0.000000,0
32,56,0.000000,0
32,54,0.000000,0
32,53,0.000000,0
32,52,0.000000,0
32,51,0.000000,0
32,49,0.000000,0
32,48,0.000000,0
32,46,0.000000,0
32,45,0.000000,0
32,44,0.000000,0
32,43,0.000000,0
32,42,0.000000,0
32,40,0.000000,0
32,41,0.000000,0
31,70,0.000000,0
31,69,0.000000,0
31,67,0.000000,0
31,66,0.000000,0
31,65,0.000000,0
31,64,0.000000,0
33,56,0.000000,0
31,63,0.000000,0
31,62,0.000000,0
31,61,0.000000,0
31,59,0.000000,0
31,58,0.000000,0
31,57,0.000000,0
31,54,0.000000,0
31,53,0.000000,0
31,52,0.000000,0
31,51,0.000000,0
31,50,0.000000,0
31,49,0.000000,0
31,48,0.000000,0
31,47,0.000000,0
31,46,0.000000,0
31,45,0.000000,0
34,43,5.320000,1
31,44,0.000000,0
34,52,4.640000,1
31,43,0.000000,0
31,42,0.000000,0
31,41,0.000000,0
31,40,0.000000,0
30,70,0.000000,0
30,68,0.000000,0
30,67,0.000000,0
30,66,0.000000,0
30,65,0.000000,0
30,64,0.000000,0
34,65,15.730000,1
30,63,0.000000,0
34,66,17.690000,1
30,62,0.000000,0
30,61,0.000000,0
30,60,0.000000,0
30,59,0.000000,0
30,58,0.000000,0
30,57,0.000000,0
30,55,0.000000,0
35,43,4.180000,2
30,54,0.000000,0
30,53,0.000000,0
30,52,0.000000,0
30,51,0.000000,0
30,50,0.000000,0
35,48,9.740000,2
35,47,9.740000,2
35,46,9.740000,2
35,45,5.980000,2
35,44,5.980000,2
35,42,-3.620000,1
35,41,-3.620000,1
35,40,-3.620000,1
34,70,24.040000,1
35,56,8.010000,1
34,69,22.180000,1
34,68,20.460000,1
34,67,17.690000,1
34,64,14.550000,1
34,63,12.780000,1
34,62,12.780000,1
34,61,12.780000,1
35,67,17.690000,1
35,66,17.690000,1
34,60,12.780000,1
34,59,9.330000,1
34,58,8.010000,1
34,57,8.010000,1
34,56,8.010000,1
34,55,4.640000,1
34,54,4.640000,1
34,53,4.640000,1
36,46,9.740000,2
34,51,6.050000,1
36,48,9.740000,2
34,50,5.320000,1
34,49,5.320000,1
34,48,5.320000,1
34,47,5.320000,1
34,45,5.320000,1
36,52,4.640000,1
34,46,5.320000,1
34,44,5.320000,1
34,42,-3.620000,1
36,55,4.640000,1
36,56,8.010000,1
34,41,-3.620000,1
34,40,-3.620000,1
36,58,8.010000,1
33,70,0.000000,0
33,69,0.000000,0
33,68,0.000000,0
33,67,0.000000,0
33,66,0.000000,0
33,65,0.000000,0
33,64,0.000000,0
33,63,0.000000,0
33,62,0.000000,0
33,61,0.000000,0
33,60,0.000000,0
33,59,0.000000,0
33,58,0.000000,0
33,57,0.000000,0
36,66,17.690000,1
33,55,0.000000,0
33,54,0.000000,0
33,53,0.000000,0
36,69,22.180000,1
33,52,0.000000,0
36,70,24.040000,1
33,51,0.000000,0
33,50,0.000000,0
33,49,0.000000,0
33,48,0.000000,0
33,47,0.000000,0
33,46,0.000000,0
33,45,0.000000,0
37,44,5.980000,2
33,44,0.000000,0
37,45,5.980000,2
37,46,9.740000,2
33,43,0.000000,0
33,42,0.000000,0
33,41,0.000000,0
37,48,9.740000,2
33,40,0.000000,0
32,70,0.000000,0
32,69,0.000000,0
32,68,0.000000,0
32,67,0.000000,0
32,66,0.000000,0
32,65,0.000000,0
32,64,0.000000,0
37,54,4.640000,1
32,63,0.000000,0
37,56,8.010000,1
37,55,4.640000,1
37,57,8.010000,1
37,58,8.010000,1
37,53,4.640000,1
37,51,14.310000,2
37,52,4.640000,1
37,61,12.780000,1
37,50,13.580000,2
37,49,9.740000,2
37,47,9.740000,2
37,43,4.180000,2
37,42,-3.620000,1
37,40,-3.620000,1
37,41,-3.620000,1
36,68,20.460000,1
36,67,17.690000,1
36,65,15.730000,1
36,64,14.550000,1
36,63,12.780000,1
36,62,12.780000,1
36,61,12.780000,1
38,41,20.680000,2
36,60,12.780000,1
38,43,5.570000,3
36,59,9.330000,1
36,57,8.010000,1
36,54,4.640000,1
38,46,11.130000,3
36,53,4.640000,1
36,51,14.310000,2
36,50,13.580000,2
38,48,11.130000,3
36,49,9.740000,2
38,50,24.460000,3
36,47,9.740000,2
36,45,5.980000,2
36,44,5.980000,2
36,43,4.180000,2
36,42,-3.620000,1
36,41,-3.620000,1
36,40,-3.620000,1
35,70,24.040000,1
35,69,22.180000,1
38,56,18.890000,2
35,68,20.460000,1
35,65,15.730000,1
35,64,14.550000,1
38,59,29.190000,2
35,63,12.780000,1
35,62,12.780000,1
35,61,12.780000,1
38,62,12.780000,1
35,60,12.780000,1
35,59,9.330000,1
35,58,8.010000,1
35,57,8.010000,1
35,55,4.640000,1
35,54,4.640000,1
35,53,4.640000,1
35,52,4.640000,1
35,51,14.310000,2
38,70,24.040000,1
35,50,13.580000,2
35,49,9.740000,2
39,42,20.680000,2
39,41,20.680000,2
39,40,20.680000,2
39,44,7.160000,3
38,68,20.460000,1
38,69,22.180000,1
38,67,17.690000,1
38,66,17.690000,1
38,65,15.730000,1
38,64,14.550000,1
38,63,12.780000,1
38,61,32.640000,2
38,60,32.640000,2
38,58,20.130000,2
38,57,18.890000,2
38,55,15.520000,2
38,54,15.520000,2
39,52,15.520000,2
39,54,15.520000,2
38,53,15.520000,2
38,52,15.520000,2
38,51,25.190000,3
38,49,20.620000,3
38,47,11.130000,3
38,45,7.370000,3
38,44,7.370000,3
39,58,20.130000,2
38,42,20.680000,2
38,40,20.680000,2
37,70,24.040000,1
37,69,22.180000,1
37,68,20.460000,1
37,66,17.690000,1
37,67,17.690000,1
39,65,15.730000,1
37,65,15.730000,1
37,64,14.550000,1
37,63,12.780000,1
37,62,12.780000,1
37,60,12.780000,1
37,59,9.330000,1
39,68,20.460000,1
39,67,17.690000,1
39,66,17.690000,1
39,64,14.550000,1
39,63,12.780000,1
39,62,12.780000,1
39,61,32.640000,2
40,43,5.570000,3
39,60,32.640000,2
39,59,29.190000,2
39,57,18.890000,2
39,56,18.890000,2
39,55,15.520000,2
39,53,15.520000,2
39,51,24.980000,3
39,50,24.250000,3
39,49,20.410000,3
39,48,10.920000,3
39,47,10.920000,3
40,51,25.190000,3
39,46,10.920000,3
39,45,7.160000,3
39,43,5.360000,3
40,53,15.520000,2
40,50,24.460000,3
40,49,20.620000,3
40,48,11.130000,3
40,47,11.130000,3
40,57,18.890000,2
40,46,11.130000,3
40,45,7.370000,3
40,58,20.130000,2
40,44,7.370000,3
40,42,20.680000,2
39,70,24.040000,1
40,41,20.680000,2
39,69,22.180000,1
40,63,12.780000,1
40,62,12.780000,1
40,61,32.640000,2
40,64,14.550000,1
40,65,15.730000,1
40,60,32.640000,2
40,59,29.190000,2
40,56,18.890000,2
40,55,15.520000,2
40,68,20.460000,1
40,54,15.520000,2
40,52,15.520000,2
40,69,22.180000,1
40,67,17.690000,1
41,42,20.680000,2
41,43,5.570000,3
40,66,17.690000,1
41,44,7.370000,3
41,45,7.370000,3
41,47,11.130000,3
40,70,24.040000,1
41,48,11.130000,3
41,46,11.130000,3
41,49,20.620000,3
41,50,24.460000,3
41,51,25.190000,3
41,52,15.520000,2
41,53,15.520000,2
41,55,15.520000,2
41,54,15.520000,2
41,57,18.890000,2
41,58,20.130000,2
41,56,18.890000,2
41,60,32.640000,2
41,59,29.190000,2
41,61,32.640000,2
41,62,12.780000,1
41,63,12.780000,1
41,64,14.550000,1
41,65,15.730000,1
41,66,17.690000,1
41,67,17.690000,1
41,68,20.460000,1
41,69,22.180000,1
41,70,24.040000,1
42,43,5.570000,3
42,44,7.370000,3
42,45,7.370000,3
42,46,11.130000,3
42,47,11.130000,3
42,48,11.130000,3
42,50,24.460000,3
42,49,20.620000,3
42,51,25.190000,3
42,52,15.520000,2
42,53,15.520000,2
42,54,15.520000,2
42,56,18.890000,2
42,55,15.520000,2
42,57,18.890000,2
42,59,29.190000,2
42,58,20.130000,2
42,60,32.640000,2
42,61,32.640000,2
42,62,12.780000,1
42,63,12.780000,1
42,64,14.550000,1
42,65,15.730000,1
42,66,17.690000,1
42,67,17.690000,1
42,68,20.460000,1
42,69,22.180000,1
42,70,24.040000,1
43,45,-6.890000,2
43,44,-6.890000,2
43,46,-3.130000,2
43,47,-3.130000,2
43,48,-3.130000,2
43,49,6.360000,2
43,51,21.010000,3
43,50,10.200000,2
43,52,10.200000,2
43,53,10.200000,2
43,54,10.200000,2
43,55,10.200000,2
43,56,13.570000,2
43,57,13.570000,2
43,58,14.810000,2
43,59,23.870000,2
43,60,27.320000,2
43,61,27.320000,2
43,62,7.460000,1
43,63,7.460000,1
43,64,9.230000,1
43,66,12.370000,1
43,65,10.410000,1
43,67,12.370000,1
43,68,15.140000,1
43,69,16.860000,1
43,70,18.720000,1
44,45,-6.890000,2
44,46,-3.130000,2
44,47,-3.130000,2
44,49,6.360000,2
44,48,-3.130000,2
44,50,10.200000,2
44,51,19.210000,3
44,52,10.200000,2
44,53,10.200000,2
44,54,10.200000,2
44,55,10.200000,2
44,56,13.570000,2
44,57,13.570000,2
44,58,14.810000,2
44,59,23.870000,2
44,60,27.320000,2
44,61,27.320000,2
44,62,7.460000,1
44,63,7.460000,1
44,64,9.230000,1
44,66,12.370000,1
44,65,10.410000,1
44,67,12.370000,1
44,68,15.140000,1
44,69,16.860000,1
44,70,18.720000,1
45,46,26.290000,3
45,48,10.880000,4
45,47,4.190000,3
45,49,20.370000,4
45,50,16.890000,3
45,51,25.900000,4
45,52,14.830000,3
45,53,14.830000,3
45,54,14.830000,3
45,55,14.830000,3
45,56,21.110000,3
45,57,21.110000,3
45,58,29.010000,3
45,59,23.870000,2
45,60,27.320000,2
45,61,27.320000,2
45,62,7.460000,1
45,63,7.460000,1
45,64,9.230000,1
45,65,10.410000,1
45,66,12.370000,1
45,67,12.370000,1
45,69,16.860000,1
45,68,15.140000,1
46,47,-6.670000,3
45,70,18.720000,1
46,48,0.020000,4
46,49,9.510000,4
46,50,9.510000,4
46,51,10.240000,4
46,52,2.930000,3
46,53,2.930000,3
46,54,2.930000,3
46,55,2.930000,3
46,57,9.210000,3
46,56,9.210000,3
46,58,17.110000,3
46,59,11.970000,2
46,60,15.420000,2
46,62,2.760000,1
46,61,15.420000,2
46,63,2.760000,1
46,64,4.530000,1
46,66,7.670000,1
46,65,5.710000,1
46,67,7.670000,1
46,68,10.440000,1
46,69,12.160000,1
46,70,14.020000,1
47,48,0.020000,4
47,49,9.510000,4
47,51,10.240000,4
47,50,9.510000,4
47,52,2.930000,3
47,53,2.930000,3
47,54,2.930000,3
47,55,2.930000,3
47,56,9.210000,3
47,57,9.210000,3
47,58,17.110000,3
47,59,11.970000,2
47,60,15.420000,2
47,62,2.760000,1
47,61,15.420000,2
47,64,4.530000,1
47,63,2.760000,1
47,66,7.670000,1
47,65,5.710000,1
47,67,7.670000,1
47,68,10.440000,1
47,69,12.160000,1
47,70,14.020000,1
48,49,9.510000,4
48,50,9.510000,4
48,51,10.240000,4
48,52,2.930000,3
48,53,4.200000,4
48,54,2.930000,3
48,55,2.930000,3
48,56,9.210000,3
48,57,9.210000,3
48,58,17.110000,3
48,59,11.970000,2
48,60,15.420000,2
48,61,15.420000,2
48,63,2.760000,1
48,62,2.760000,1
48,65,5.710000,1
48,64,4.530000,1
48,66,7.670000,1
48,67,7.670000,1
48,69,12.160000,1
48,68,10.440000,1
49,50,10.990000,4
48,70,14.020000,1
49,51,16.240000,5
49,52,8.930000,4
49,53,10.200000,5
49,54,4.230000,3
49,55,4.230000,3
49,56,10.510000,3
49,57,10.510000,3
49,58,18.410000,3
49,59,13.270000,2
49,60,16.720000,2
49,61,16.720000,2
49,62,4.060000,1
49,63,4.060000,1
49,64,5.830000,1
49,65,7.010000,1
49,66,8.970000,1
49,68,11.740000,1
49,69,13.460000,1
49,70,15.320000,1
49,67,8.970000,1
50,51,33.140000,5
50,52,8.930000,4
50,53,10.200000,5
50,54,4.230000,3
50,55,4.230000,3
50,57,10.510000,3
50,58,18.410000,3
50,56,10.510000,3
50,59,13.270000,2
50,60,16.720000,2
50,61,16.720000,2
50,62,4.060000,1
50,63,4.060000,1
50,64,5.830000,1
50,66,8.970000,1
50,65,7.010000,1
50,67,8.970000,1
50,68,11.740000,1
50,69,13.460000,1
50,70,15.320000,1
51,52,-4.610000,3
51,53,-3.340000,4
51,54,-4.610000,3
51,55,-4.610000,3
51,56,1.670000,3
51,57,1.670000,3
51,58,9.570000,3
51,59,11.970000,2
51,60,15.420000,2
51,61,15.420000,2
51,62,2.760000,1
51,63,2.760000,1
51,64,4.530000,1
51,65,5.710000,1
51,66,7.670000,1
51,67,7.670000,1
51,68,10.440000,1
51,69,12.160000,1
51,70,14.020000,1
52,53,-3.340000,4
52,54,-4.610000,3
52,55,-4.610000,3
52,56,1.670000,3
52,57,1.670000,3
52,59,11.970000,2
52,60,15.420000,2
52,58,9.570000,3
52,61,15.420000,2
52,62,2.760000,1
52,63,2.760000,1
52,64,4.530000,1
52,65,5.710000,1
52,66,7.670000,1
52,68,10.440000,1
52,67,7.670000,1
52,69,12.160000,1
52,70,14.020000,1
53,54,-4.610000,3
53,55,-4.610000,3
53,56,1.670000,3
53,57,1.670000,3
53,58,9.570000,3
53,59,11.970000,2
53,60,15.420000,2
53,61,15.420000,2
53,63,2.760000,1
53,62,2.760000,1
53,64,4.530000,1
53,65,5.710000,1
53,66,7.670000,1
53,67,7.670000,1
53,69,12.160000,1
53,68,10.440000,1
53,70,14.020000,1
54,55,22.870000,2
54,56,5.830000,3
54,57,5.830000,3
54,58,11.270000,3
54,60,17.120000,2
54,59,13.670000,2
54,61,17.120000,2
54,62,8.140000,1
54,63,8.140000,1
54,65,11.090000,1
54,66,13.050000,1
54,64,9.910000,1
54,67,13.050000,1
54,68,15.820000,1
54,69,17.540000,1
54,70,19.400000,1
55,56,5.830000,3
55,57,5.830000,3
55,58,11.130000,3
55,59,13.670000,2
55,60,17.120000,2
55,61,17.120000,2
55,62,8.140000,1
55,63,8.140000,1
55,64,9.910000,1
55,65,11.090000,1
55,66,13.050000,1
55,67,13.050000,1
55,68,15.820000,1
55,69,17.540000,1
55,70,19.400000,1
